0
27
70
114
179
205
225
284
348
354
368
388
401
422
451
494
498
511
520
544
576
689
727
795
835
985
1013
1024
1061
1109
1116
1118
1123
1227
1255
1340
1388
1585
1710
1747
1785
1799
1872
1892
1936
1945
1959
2027
2033
2073
2087
2094
2150
2171
2246
2313
2324
2429
2438
2441
2491
2518
2555
2560
2572
2631
2636
2652
2723
2777
2795
2796
2835
2842
2854
2881
2882
2892
2931
2985
3045
3095
3117
3120
3145
3147
3247
3332
3349
3429
3551
3629
3654
3696
3730
3741
3744
3770
3809
3887
3893
3967
3969
4080
4104
4139
4185
4335
4440
4457
4510
4570
4616
4683
4698
4700
4713
4838
5095
5183
5184
5185
5227
5239
5272
5327
5350
5398
5434
5527
5660
5684
5697
5723
5742
5764
5766
5768
5790
5799
5820
5865
5931
5985
6032
6077
6088
6199
6275
6389
6482
6525
6548
6679
6689
6723
6729
6748
6807
6824
6847
6850
6875
6881
6971
6974
7046
7052
7165
7234
7297
7328
7340
7357
7395
7420
7463
7488
7501
7553
7590
7680
7722
7737
7742
7778
7836
8013
8031
8156
8217
8326
8330
8351
8410
8426
8450
8456
8473
8539
8546
8564
8621
8679
8740
8748
8766
8797
8894
8990
9006
9094
9149
9155
9187
9304
9333
9488
9534
9565
9635
9705
9823
9853
9880
9899
9909
9949
9965
9980
10014
10039
10071
10114
10118
10133
10154
10156
10159
10164
10214
10225
10242
10245
10255
10455
10501
10505
10513
10567
10599
10628
10637
10649
10693
10711
10897
10916
10931
10932
10941
10974
11059
11066
11098
11190
11216
11253
11291
11300
11301
11303
11326
11343
11378
11382
11383
11395
11420
11421
11433
11456
11467
11521
11564
11588
11624
11661
11739
11813
11917
12074
12144
12211
12217
12242
12295
12446
12530
12577
12638
12662
12689
12705
12756
12758
12761
12827
12841
12843
12958
13013
13025
13038
13067
13154
13158
13164
13171
13175
13431
13481
13532
13599
13615
13725
13744
13749
13766
13779
13807
13823
13869
13916
13976
13992
14045
14074
14100
14168
14205
14271
14379
14390
14426
14442
14469
14492
14531
14532
14535
14555
14576
14663
14829
14919
15018
15037
15057
15062
15080
15097
15255
15281
15293
15306
15334
15357
15440
15511
15547
15610
15625
15644
15647
15694
15728
15781
15789
15820
15832
15856
15965
16004
16030
16033
16036
16198
16220
16231
16327
16511
16581
16652
16665
16685
16721
16794
16850
16857
16875
16880
16883
16958
16976
17132
17161
17248
17312
17322
17346
17408
17425
17430
17438
17461
17485
17520
17653
17770
17793
17867
17894
17898
17912
17966
18039
18097
18135
18177
18180
18183
18267
18307
18433
18468
18480
18521
18524
18662
18691
18789
18807
18887
18897
18903
19100
19112
19225
19260
19330
19335
19455
19485
19540
19571
19587
19643
19670
19689
19741
19787
19901
19910
20135
20137
20248
20284
20315
20398
20409
20425
20537
20554
20560
20601
20662
20714
20762
20798
20801
20863
20872
20884
20936
20949
20989
21049
21084
21122
21143
21276
21358
21407
21474
21477
21492
21522
21558
21611
21616
21648
21709
21895
21912
21923
21936
21953
22031
22067
22073
22126
22164
22181
22290
22366
22397
22441
22479
22487
22555
22559
22577
22629
22635
22637
22694
22702
22705
22740
22769
22849
22947
22952
23002
23004
23012
23074
23077
23080
23111
23130
23185
23236
23393
23448
23472
23506
23541
23619
23626
23710
23764
23791
23802
23875
23881
23900
23906
23995
23999
24045
24082
24087
24106
24124
24185
24202
24209
24239
24251
24337
24439
24447
24460
24513
24516
24524
24546
24561
24597
24613
24628
24655
24726
24750
24869
24873
24976
25014
25026
25066
25079
25100
25120
25193
25198
25210
25316
25328
25436
25481
25530
25565
25590
25596
25602
25618
25683
25779
25808
25835
25847
25908
25944
26003
26036
26043
26072
26077
26100
26134
26182
26198
26216
26254
26288
26299
26319
26388
26389
26392
26400
26440
26459
26500
26597
26667
26678
26696
26751
26754
26802
26814
26888
26927
26939
26971
26978
27083
27115
27127
27151
27219
27263
27286
27287
27288
27348
27408
27434
27447
27511
27534
27651
27675
27733
27790
27833
27842
27869
27945
27970
28029
28089
28095
28138
28214
28274
28300
28350
28441
28460
28476
28483
28490
28504
28619
28683
28685
28689
28691
28718
28727
28751
28779
28785
28799
28830
28840
28865
28903
28981
28991
29029
29042
29085
29103
29145
29150
29158
29253
29329
29355
29379
29381
29398
29438
29459
29510
29541
29674
29689
29760
29770
29792
29817
29823
29838
29917
29934
29968
30005
30026
30045
30048
30056
30076
30098
30128
30318
30408
30464
30516
30553
30634
30715
30768
30814
30878
30912
30966
30981
31017
31067
31071
31081
31092
31110
31138
31143
31195
31201
31246
31297
31304
31405
31643
31693
31775
31829
31847
31852
31856
31888
31965
31979
31991
32140
32206
32207
32251
32280
32333
32395
32432
32439
32446
32503
32519
32556
32584
32591
32607
32670
32677
32714
32727
32732
32816
32822
32860
32869
32875
32885
32919
32980
32993
33106
33139
33176
33202
33280
33296
33331
33339
33470
33501
33558
33598
33621
33633
33653
33662
33754
33765
33786
33812
33835
33850
33878
33923
33955
33994
34130
34131
34133
34246
34265
34455
34466
34530
34602
34609
34621
34654
34708
34725
34754
34803
34818
34819
34847
34886
34921
34932
34955
34957
34959
34966
34988
35075
35080
35097
35117
35165
35166
35191
35243
35276
35317
35351
35361
35435
35440
35457
35472
35577
35620
35678
35700
35737
35787
35866
35928
35929
35942
35981
35984
35989
36001
36009
36108
36159
36168
36203
36310
36313
36395
36396
36445
36461
36673
36676
36760
36829
36838
36930
36956
36982
37030
37048
37147
37222
37277
37290
37299
37301
37343
37378
37422
37606
37617
37691
37779
37816
37839
37851
37934
37936
37950
37956
37981
37986
38003
38057
38070
38099
38204
38283
38328
38363
38437
38467
38494
38544
38555
38581
38593
38751
38757
38781
38790
38833
38859
38884
38890
38918
39001
39013
39036
39037
39043
39070
39125
39173
39182
39213
39245
39279
39348
39378
39437
39473
39480
39501
39504
39522
39545
39565
39573
39612
39650
39659
39720
39732
39840
39931
39995
40015
40144
40220
40265
40272
40293
40325
40355
40356
40363
40410
40443
40480
40527
40549
40686
40693
40698
40700
40731
40750
40855
40886
40897
40947
40977
40999
41004
41013
41041
41049
41080
41081
41093
41181
41299
41439
41469
41492
41510
41537
41603
41697
41730
41743
41801
41819
41821
41865
41868
41896
41947
41948
41952
41975
42013
42026
42043
42044
42082
42190
42214
42249
42318
42322
42472
42488
42532
42572
42640
42661
42765
42798
42827
42829
42838
42878
42888
42941
43012
43035
43102
43188
43195
43227
43254
43445
43495
43496
43532
43573
43622
43629
43690
43720
43758
43765
43871
43989
44031
44075
44085
44254
44356
44375
44478
44507
44547
44564
44580
44586
44685
44702
44748
44760
44802
44827
44838
44944
44951
44985
45042
45057
45065
45073
45117
45141
45180
45250
45298
45309
45337
45375
45451
45482
45574
45605
45738
45794
45921
45930
45966
46000
46063
46090
46120
46128
46171
46197
46221
46239
46255
46390
46452
46470
46632
46636
46689
46702
46787
46879
46939
46967
46999
47031
47049
47073
47202
47263
47338
47463
47518
47611
47646
47650